000000  1000110010  1000000000100000
000000  1000110010  1000000000100000
00000010001100101000000000100000
00000010001100101000000000100000
00000001101010100001000000100000
00000010001100110100100000100000
00000010001100101000000000100000
00000001101010100001000000100000
00000010001100110100100000100000
00000010001100101000000000100000
00000001101010100001000000100000
00000010001100110100100000100000
00000000010000111001000000100000
00000010010100011000000000100000
00000001010010010001000000100000
00000010101100010100100000100000
00000010010100011000000000100000
00000001010010010001000000100000
00000010101100010100100000100000
